time: 0:03:36.337265
Accuracy= 0.7696789944496366
